1 1 1 1 1 1 1 1 1 1 1 1 1 1 1 1 
1 0 0 0 0 0 0 0 0 0 0 0 0 0 0 1 
1 0 1 1 1 1 1 1 1 1 1 1 1 1 0 1 
1 0 1 2 0 0 0 0 0 0 0 0 0 0 0 1 
1 0 1 0 1 0 1 1 1 1 0 1 1 1 0 1 
1 0 1 0 1 0 1 1 1 1 0 0 1 1 0 1 
1 0 1 0 1 0 1 0 0 2 1 0 0 0 0 1 
1 0 1 0 1 0 0 0 1 0 0 1 1 1 0 1 
1 0 1 0 1 1 1 0 2 1 0 0 1 1 0 1 
1 0 1 0 0 0 0 1 0 1 1 0 1 1 0 1 
1 0 1 0 1 1 0 1 0 1 1 0 1 1 0 1 
1 0 1 0 2 1 0 1 0 0 1 0 1 1 0 1 
1 0 1 1 0 0 0 0 1 0 1 0 0 1 0 1 
1 0 0 0 1 0 1 0 1 0 1 1 0 1 0 1 
1 0 1 0 0 0 1 0 0 0 0 0 0 0 0 1 
1 1 1 1 1 1 1 1 1 1 1 1 1 1 1 1 
350 250
100 50
150 200
50 200
50 700
