1 1 1 0 0 0 0 0 0 0 0 0 0 1 1 1 
1 1 0 0 1 1 1 1 1 1 1 1 0 0 1 1 
1 0 0 1 0 0 0 0 0 0 0 1 1 0 0 1 
0 0 1 0 0 1 1 0 1 1 0 0 1 1 0 0 
0 1 0 0 1 0 0 0 0 0 1 2 0 1 1 0 
0 1 0 1 0 0 1 0 1 0 0 1 0 0 1 0 
0 1 0 1 0 1 0 0 0 1 0 0 1 0 1 0 
0 0 0 1 0 0 0 0 0 0 0 0 1 0 0 0 
2 1 0 1 0 0 0 0 0 0 0 0 1 0 1 2 
0 1 0 1 0 1 0 0 0 1 0 0 1 0 1 0 
0 1 0 1 0 0 1 0 1 0 0 1 0 0 1 0 
0 1 0 0 1 0 0 0 0 0 1 0 0 1 1 0 
0 0 1 2 0 1 1 0 1 1 0 0 1 1 0 0 
1 0 0 1 0 0 0 0 0 0 0 1 1 0 0 1 
1 1 0 0 1 1 1 1 1 1 1 1 0 0 1 1 
1 1 1 0 0 0 0 0 0 0 0 0 0 1 1 1 
400 350
250 250
500 250
250 450
500 450
