0 1 0 1 1 1 1 1 0 1 0 1 1 1 1 1 
0 1 0 1 0 0 0 0 0 1 0 1 0 2 0 1 
0 0 0 1 0 1 0 1 0 1 0 1 0 1 0 1 
0 1 0 0 0 1 2 1 0 0 0 1 0 1 0 1 
0 1 1 1 1 1 1 1 0 1 1 1 0 1 0 1 
0 0 0 0 0 1 0 0 0 1 0 0 0 0 0 1 
1 1 1 1 0 1 1 1 1 1 0 1 1 1 1 1 
0 0 0 0 0 1 0 0 0 0 0 0 0 0 0 0 
1 1 1 1 1 1 0 1 1 1 0 1 1 1 1 1 
1 0 0 0 0 0 0 1 0 0 0 0 0 0 0 1 
1 0 1 0 1 2 1 1 0 1 0 1 1 1 0 1 
1 0 1 0 0 1 0 1 0 1 0 1 0 0 0 1 
1 0 1 1 0 0 0 1 0 1 0 1 0 1 0 1 
1 0 0 1 1 1 0 1 0 1 0 1 0 1 0 1 
1 1 0 0 0 0 0 1 0 1 0 1 0 1 0 1 
2 1 1 1 1 1 1 1 0 1 0 1 1 1 1 1 
350 350
350 150
250 300
250 600
600 400
