0 0 0 0 0 0 0 0 0 0 0 0 0 0 0 0 
1 1 1 1 1 1 1 1 1 1 1 1 1 1 1 0 
1 0 0 0 0 0 0 0 0 0 0 0 0 2 1 0 
1 0 1 1 1 1 1 1 1 1 1 1 1 0 1 0 
1 0 1 0 0 0 0 0 0 0 0 2 1 0 1 0 
1 0 1 0 1 1 1 1 1 1 1 0 1 0 1 0 
1 0 1 0 1 0 0 0 0 0 1 0 1 0 1 0 
1 0 1 0 1 0 1 1 1 0 1 0 1 0 1 0 
1 0 1 0 1 0 1 0 0 0 1 0 1 0 1 0 
1 0 1 0 1 0 1 0 1 1 1 0 1 0 1 0 
1 0 1 0 1 0 1 0 0 0 0 0 1 0 1 0 
1 0 1 0 1 0 1 1 1 1 1 1 1 0 1 0 
1 0 1 0 1 2 0 0 0 0 0 0 0 0 1 0 
1 0 1 0 1 1 1 1 1 1 1 1 1 1 1 0 
1 0 1 2 0 0 0 0 0 0 0 0 0 0 0 0 
1 0 1 1 1 1 1 1 1 1 1 1 1 1 1 1 
400 400
200 300
700 50
0 50
600 300
