1 1 1 1 1 1 1 0 0 1 1 1 1 1 1 1 
1 2 0 0 0 0 0 0 0 0 0 0 0 0 0 1 
1 0 0 0 0 0 0 0 0 0 0 0 0 0 0 1 
1 0 0 1 1 1 1 1 1 1 1 1 1 0 0 1 
1 0 0 1 2 0 0 0 0 0 0 0 1 0 0 1 
1 0 0 1 0 0 0 0 0 0 0 0 1 0 0 1 
1 0 0 1 0 0 1 1 1 1 0 0 1 0 0 1 
1 0 0 1 0 0 0 0 0 1 0 0 0 0 0 1 
1 0 0 1 0 0 0 0 0 1 0 0 0 0 0 1 
1 0 0 1 0 0 1 1 1 1 0 0 1 0 0 1 
1 0 0 1 0 0 0 0 0 0 0 0 1 0 0 1 
1 0 0 1 2 0 0 0 0 0 0 0 1 0 0 1 
1 0 0 1 1 1 1 1 1 1 1 1 1 0 0 1 
1 0 0 0 0 0 0 0 0 0 0 0 0 0 0 1 
1 2 0 0 0 0 0 0 0 0 0 0 0 0 0 1 
1 1 1 1 1 1 1 0 0 1 1 1 1 1 1 1 
350 350
100 350
700 300
250 350
550 350
