1 1 1 1 1 1 1 1 1 1 1 1 1 1 1 1 
1 0 0 0 0 0 0 0 0 0 0 0 0 0 0 1 
1 0 1 1 1 1 1 1 1 1 1 1 1 1 0 1 
1 0 1 0 0 0 0 0 0 0 0 0 0 1 0 1 
1 0 1 0 1 1 1 1 1 1 1 1 0 1 0 1 
1 0 1 0 1 0 0 0 0 0 0 2 0 1 0 1 
1 0 0 0 0 0 1 2 1 1 0 1 0 1 0 1 
1 0 1 0 1 0 1 0 0 1 0 1 0 1 0 1 
1 0 1 0 1 0 1 0 1 1 0 1 0 1 0 1 
1 0 1 0 1 0 1 0 0 0 0 1 0 1 0 1 
1 0 1 0 1 0 1 1 1 1 1 1 0 1 0 1 
1 0 1 0 1 0 0 0 0 0 0 0 0 1 0 1 
1 0 1 0 1 1 1 1 1 1 1 1 2 1 0 1 
1 0 2 0 0 0 0 0 0 0 0 0 0 0 0 1 
1 0 1 1 1 1 1 1 1 1 1 1 1 1 1 1 
1 1 1 1 1 1 1 1 1 1 1 1 1 1 1 1 
350 400
500 300
50 750
450 600
150 150
