2 0 0 0 0 0 0 0 0 0 0 0 0 0 0 0 
0 1 1 1 1 1 1 1 0 1 1 1 1 1 1 0 
0 1 2 0 0 0 0 0 0 0 0 0 0 0 1 0 
0 1 0 1 1 1 1 1 1 1 1 1 1 0 1 0 
0 1 0 1 2 0 0 0 0 0 0 0 1 0 1 0 
0 1 0 1 0 1 1 1 0 1 1 0 1 0 1 0 
0 1 0 1 0 1 2 0 0 0 1 0 1 0 1 0 
0 1 0 0 0 1 0 1 1 0 1 0 0 0 1 0 
0 1 0 1 0 1 0 1 1 0 1 0 1 0 1 0 
0 1 0 1 0 1 0 0 0 0 1 0 1 0 1 0 
0 1 0 1 0 1 1 1 0 1 1 0 1 0 1 0 
0 1 0 1 0 0 0 0 0 0 0 0 1 0 1 0 
0 1 0 1 1 1 1 1 1 1 1 1 1 0 1 0 
0 1 0 0 0 0 0 0 0 0 0 0 0 0 1 0 
0 1 1 1 1 1 1 1 0 1 1 1 1 1 1 0 
0 0 0 0 0 0 0 0 0 0 0 0 0 0 0 0 
400 450
150 100
0 300
550 200
400 300
