1 1 1 1 1 1 1 0 1 1 1 1 1 1 1 1 
1 0 2 0 0 0 0 0 0 0 0 0 0 0 0 1 
1 0 1 1 1 1 1 0 1 1 1 1 0 1 0 1 
1 0 0 0 0 0 0 0 0 0 0 0 0 1 0 1 
1 0 1 0 1 0 1 1 0 1 0 1 1 1 0 1 
1 0 1 0 1 0 0 0 0 1 0 0 0 1 0 1 
1 0 1 0 1 1 1 0 1 0 0 1 0 0 0 1 
1 0 0 0 0 0 0 0 1 0 1 1 1 1 0 1 
1 0 1 0 1 1 1 0 1 0 1 0 0 0 0 1 
1 0 1 0 1 0 0 0 1 0 1 0 1 1 0 1 
1 0 1 0 1 0 1 0 1 0 0 0 1 1 0 1 
1 0 1 0 1 0 1 0 1 0 1 1 1 1 0 1 
1 0 0 0 0 0 0 0 1 0 0 0 0 1 0 1 
1 0 1 1 1 1 1 0 1 1 1 1 0 1 0 1 
1 0 2 0 0 0 0 0 0 0 0 0 0 2 0 1 
1 1 1 1 1 1 1 0 1 1 1 1 1 1 1 1 
350 450
400 450
150 150
150 600
600 450
